0 0.584576 0.592244 0.063588 0.114580
0 0.511565 0.235557 0.084779 0.113695
0 0.548843 0.673138 0.080680 0.126108
0 0.281905 0.506641 0.086652 0.084965
0 0.158212 0.475698 0.057063 0.112623
0 0.495988 0.567284 0.100986 0.078278
0 0.126653 0.951440 0.105029 0.077981
0 0.141019 0.692210 0.082059 0.097284
0 0.495730 0.567965 0.100911 0.077372
0 0.083540 0.451788 0.088547 0.110151
0 0.403931 0.558852 0.091238 0.104851
0 0.486582 0.479940 0.088770 0.058264
0 0.015873 0.221952 0.031632 0.106137
0 0.354587 0.803007 0.076957 0.136232
0 0.146692 0.120456 0.055609 0.116465
0 0.282550 0.507114 0.085585 0.085722
0 0.071811 0.172689 0.083680 0.071576
